Sample_ID	Well	Plate_ID	Group	Control	Flag	OD_Baseline	OD_Min	OD_Max	OD_Emp_AUC	Fold_Change	OD_Offset	auc_lin	auc_log	k_lin	k_log	death_lin	death_log	gr	dr	td	lagC	lagP	t_k	t_gr	t_dr	diauxie	MSE	K_Error > 20%
0	A1	210831_Cstr	1	0	0	0.099	0.099	1.08	0.337975		0.099	0.29831294820420307	0.7936162274071887	0.9810294181620208	2.3897569438168462	0.016996890803888443	0.01586045116722179	28.384988422867067	-0.49861970740767064	0.02441949844170248	0.014280032557187461	0.0	0.2875	0.04583333333333333	0.3958333333333333	0.0	1.126904409513728e-05	FALSE
1	A2	210831_Cstr	1	0	0	0.102	0.102	1.085	0.337075		0.102	0.29616980453566805	0.7817382376344812	0.9818946165183755	2.363576031936052	0.012188928333342286	0.01130655232433142	26.9218277570785	-0.6469102419448522	0.025746661289655474	0.013633518226174923	0.0	0.2708333333333333	0.04583333333333333	0.3958333333333333	0.0	1.4422772686287924e-05	FALSE
2	A3	210831_Cstr	1	0	0	0.102	0.102	0.83	0.25877083333333334		0.102	0.21786816195261288	0.6868093649904538	0.7280461872197994	2.096802719101035	0.0020625919680945515	0.0024872720649753433	23.951844907685384	-0.6631144460431293	0.028939197929489617	0.014303839358178944	0.0	0.3875	0.04583333333333333	0.3958333333333333	0.0	8.447872739691324e-06	FALSE
3	A4	210831_Cstr	1	0	0	0.09	0.09	0.092	0.03664166666666667		0.09	0.00019641868184520604	0.007056141269467818	0.0009825634104375092	0.023001936651076825	0.001088965174386558	0.011894940131605	0.3033012736722403	-0.09972900744965545	2.285342135783407	-0.0404729486585484	0.0	0.075	0.0	0.26666666666666666	0.0	8.104513014229823e-08	TRUE
4	A5	210831_Cstr	1	0	0	0.087	0.087	0.09	0.03573333333333334		0.087	0.00035476405770647467	0.010579270143424108	0.001748684126131328	0.03606192048632609	0.001230336907220131	0.013734800853867912	0.48194746352417983	-0.13620978686374557	1.4382214515486693	-0.034202103052415764	0.0	0.08333333333333333	0.0	0.14583333333333334	0.0	6.570836396445922e-08	TRUE
5	A6	210831_Cstr	1	0	0	0.087	0.087	0.089	0.03558333333333333		0.087	0.0006361864990120421	0.008901449846030076	0.0017799640917156856	0.02438423271165674	0.00016310860496565605	0.0018313244315610912	1.8988977922081145	-0.16959178178527143	0.3650260605937753	-0.0022200791535907974	0.0	0.025	0.0	0.03333333333333333	0.0	1.3731832955504601e-08	FALSE
6	A7	210831_Cstr	1	0	0	0.099	0.099	1.536	0.44201250000000003		0.099	0.4025264937176265	0.889376768644386	1.436108625471967	2.7410467898036046	0.008776336845789157	0.005734575113280016	30.7798107573456	-0.21269149411763832	0.022519540033056434	0.012295304610371469	0.0	0.3416666666666667	0.04583333333333333	0.35833333333333334	0.0	7.264168657456492e-06	FALSE
7	A8	210831_Cstr	1	0	0	0.102	0.102	1.534	0.4200708333333333		0.102	0.3794811768001683	0.8621443845032122	1.4305843653588366	2.7093906814793627	0.0	0.0	29.497739195547858	0.024449439190938164	0.023498315445970284	0.010572542215651314	0.0	0.3958333333333333	0.04583333333333333	0.3958333333333333	0.0	8.384816862919423e-06	FALSE
8	A9	210831_Cstr	1	0	0	0.1	0.1	1.494	0.4031916666666666		0.1	0.36300333829751547	0.8449353318517904	1.3940877883567242	2.704413871623956	0.007236407671885381	0.0048536060696307	26.426182882873395	-0.7285366503112508	0.026229561175449542	0.0106977146736984	0.0	0.37916666666666665	0.041666666666666664	0.3958333333333333	0.0	3.929679204009372e-06	FALSE
9	A10	210831_Cstr	1	0	0	0.088	0.088	0.09	0.03594583333333333		0.088	0.0007494978044428285	0.008379602790067373	0.002103958238930115	0.02352093642004844	0.00010941960651010552	0.0012152379473139158	0.9270161797108878	-0.11262343255764967	0.7477185358038949	0.01269370897755762	0.004166666666666667	0.05	0.025	0.058333333333333334	0.0	5.824008039753599e-09	FALSE
10	A11	210831_Cstr	1	0	0	0.087	0.086	0.087	0.034641666666666654		0.087	0.00010203873329623896	-0.0018205020626395115	0.0006829932454149312	0.0003904117657613858	3.3041201097080974e-05	0.0003797077573521021	0.21417154463665308	-0.02025494362587691	3.236411175611052	0.19137115086302653	0.03333333333333333	0.21666666666666667	0.1625	0.23333333333333334	0.0	3.6599051990886494e-08	TRUE
11	A12	210831_Cstr	1	0	0	0.086	0.085	0.087	0.034416666666666665		0.086	4.8093012297236006e-05	0.00017919894579059551	0.0003590040805817041	0.003219915222118764	0.0	0.0	0.028605136881359534	0.012779987899323393	24.231563143179116	0.2705816279036167	0.0	0.3958333333333333	0.32916666666666666	0.3958333333333333	0.0	4.813835593890739e-08	TRUE
12	B1	210831_Cstr	1	0	0	0.104	0.104	1.654	0.4792208333333333		0.104	0.4376226262504913	0.8943531760001415	1.5502094674844993	2.76668298274231	0.0004163566839476829	0.00025172810704532367	38.952485437172086	-0.5591650156187793	0.017794684287295304	0.022103522099980455	0.0	0.39166666666666666	0.05	0.3958333333333333	1.0	3.206141335307644e-06	FALSE
13	B2	210831_Cstr	1	0	0	0.107	0.107	1.181	0.37119166666666664		0.107	0.3284102686906395	0.7976817076406868	1.0710997519867675	2.3987770010968674	0.016805062995669973	0.014368022286927129	32.49021786368675	-1.389114533708428	0.02133402685903972	0.02068675435994446	0.0	0.18333333333333332	0.05	0.2125	0.0	1.5400006589362616e-05	FALSE
14	B3	210831_Cstr	1	0	0	0.106	0.106	0.936	0.28674583333333337		0.106	0.24436815953680138	0.7071085568039397	0.8283418624710368	2.17633746673245	0.05485165451838292	0.060504066384767796	26.00145491780819	-1.8233374937544593	0.026658015205342	0.018958231174133332	0.0	0.18333333333333332	0.05	0.20833333333333334	1.0	5.322187018703572e-06	FALSE
15	B4	210831_Cstr	1	0	0	0.103	0.101	0.132	0.04172083333333333		0.103	0.00010287400380060231	0.004427943922663868	0.027584025009755334	0.2452467776625582	0.0	0.0	6.109229426752253	6.109229426752253	0.11345901948364566	0.35568968173160675	0.0	0.3958333333333333	0.3958333333333333	0.3958333333333333	0.0	2.380280770275763e-07	FALSE
16	B5	210831_Cstr	1	0	0	0.102	0.099	0.112	0.0404625		0.102	-0.000349758047907619	-0.003414872476957098	0.009450279434741984	0.08887427868950037	0.0	0.0	3.2917797557757074	3.2917797557757074	0.21056912429932764	0.3688344800432361	0.0	0.3958333333333333	0.3958333333333333	0.3958333333333333	0.0	9.791560242389172e-08	FALSE
17	B6	210831_Cstr	1	0	0	0.106	0.103	0.124	0.0421		0.106	-0.00043620793821192713	-0.003048690979388482	0.017148793833567752	0.15270797435696437	0.0	0.0	6.148541392393565	6.148541392393565	0.11273359587648643	0.37099687788621194	0.0	0.3958333333333333	0.3958333333333333	0.3958333333333333	0.0	1.4457995612420318e-07	FALSE
18	B7	210831_Cstr	1	0	0	0.107	0.107	1.547	0.3971708333333333		0.107	0.3543502673855714	0.8099448337947242	1.4396555592373868	2.671050848240526	0.0	0.0	31.396702219702245	0.27586644173665453	0.022077069614176787	0.02350806921617891	0.0	0.3958333333333333	0.05416666666666667	0.3958333333333333	1.0	8.073959474174899e-06	FALSE
19	B8	210831_Cstr	1	0	0	0.108	0.108	1.504	0.38588333333333336		0.108	0.34283628001873334	0.7967364236736125	1.3955821048679584	2.633213651261684	0.0	0.0	28.439318981949835	0.12739114189361603	0.02437284735966706	0.020848266586829402	0.0	0.3958333333333333	0.05416666666666667	0.3958333333333333	1.0	9.970045750133866e-06	FALSE
20	B9	210831_Cstr	1	0	0	0.107	0.107	1.564	0.4050125		0.107	0.3623190620790049	0.8176182664257614	1.4559966180370487	2.6813576424110863	0.0	0.0	28.68475529309237	0.03773655914145638	0.024164305167590654	0.019866908352591375	0.0	0.3958333333333333	0.05416666666666667	0.3958333333333333	1.0	5.481519574901164e-06	FALSE
21	B10	210831_Cstr	1	0	0	0.096	0.095	0.096	0.03800416666666667		0.096	-8.505545349570855e-06	-0.004144429317871526	0.0	-0.010137284542456826	0.0	0.0	-0.0010757900718579448	-0.0011571530554740379	-644.3145356071602	-9.438380891705252	0.0	0.0	0.3958333333333333	0.0	0.0	1.0015459737664435e-08	FALSE
22	B11	210831_Cstr	1	0	0	0.096	0.096	0.096	0.038400000000000004		0.096	0.0	0.0	0.0	0.0	0.0	0.0	0.0	0.0	inf	inf	0.0	0.0	0.0	0.0	0.0	0.0	FALSE
23	B12	210831_Cstr	1	0	0	0.094	0.094	0.094	0.037599999999999995		0.094	0.0	0.0	0.0	0.0	0.0	0.0	0.0	0.0	inf	inf	0.0	0.0	0.0	0.0	0.0	0.0	FALSE
24	C1	210831_Cstr	1	0	0	0.097	0.097	1.404	0.4475875		0.097	0.4089465498115138	0.8986193132503623	1.3079484380715216	2.6727577917914616	0.0031414681024639624	0.0022391495167468634	39.16517268659669	-0.6609120433794068	0.017698049900266563	0.022275547840021018	0.0	0.3875	0.05	0.3958333333333333	0.0	7.841640005556262e-06	FALSE
25	C2	210831_Cstr	1	0	0	0.101	0.101	1.438	0.44365		0.101	0.40345849040116766	0.8734278236768619	1.3382847554427433	2.656413494438077	0.002372366357534794	0.0016502622347829288	39.35587025063773	-0.6342051595341491	0.017612294586440085	0.027875591945698955	0.0	0.3875	0.05416666666666667	0.3958333333333333	0.0	7.040348249330409e-06	FALSE
26	C3	210831_Cstr	1	0	0	0.1	0.1	1.236	0.37407499999999994		0.1	0.3340417405823952	0.8184651307418083	1.1357124463839479	2.5142873120872977	0.001696859913709714	0.0013740521690124297	34.69307884919536	-0.6494220273306615	0.019979408099607784	0.02546236073252486	0.0	0.39166666666666666	0.05416666666666667	0.3958333333333333	0.0	1.6636270836433895e-05	FALSE
27	C4	210831_Cstr	1	0	0	0.09	0.09	0.092	0.03627916666666667		0.09	0.0002882695759364953	0.003067005537168109	0.002103683541092291	0.022842209169679016	0.0020812234180031253	0.022861823798273114	0.9565009203463801	-0.4841716069939929	0.7246696430871536	0.0003940967664106164	0.0	0.0375	0.004166666666666667	0.17916666666666667	0.0	2.4385750981173542e-08	FALSE
28	C5	210831_Cstr	1	0	0	0.093	0.092	0.095	0.037270833333333336		0.093	-6.910476712720977e-05	0.0007433258783195542	0.0012689877526368964	0.01725196929294081	0.002310612057561501	0.024723458421166536	0.3045570158270289	-0.2139267708943603	2.2759192681137037	-0.01209610962526448	0.0	0.0625	0.0125	0.10833333333333334	0.0	1.1572752918647847e-07	TRUE
29	C6	210831_Cstr	1	0	0	0.09	0.089	0.092	0.036033333333333334		0.09	-0.0001775201490523007	0.000358972804699447	0.0006046082382434731	0.012494958783253185	0.002013332745852761	0.022340282235813778	0.17909975518317117	-0.15642220032862011	3.8701738025886243	-0.03259859806183062	0.0	0.058333333333333334	0.0	0.12083333333333333	0.0	1.0882452720186942e-07	TRUE
30	C7	210831_Cstr	1	0	0	0.101	0.101	1.601	0.47973750000000004		0.101	0.4395607283380809	0.9012893978834883	1.4821876436077979	2.7515522973711803	0.14826740095718494	0.09838507584814948	33.35483932261596	-2.326948130308818	0.02078100793278182	0.02316588256654732	0.0	0.2	0.0625	0.3958333333333333	0.0	0.000568381626597603	FALSE
31	C8	210831_Cstr	1	0	0	0.099	0.099	1.175	0.32760833333333333		0.099	0.28810246335222545	0.7832011963502592	1.0365722270522957	2.4394291253062264	0.17264225310417824	0.1649727820765463	33.64791116364905	-9.232499732574349	0.020600006258598754	0.02325450409376966	0.0	0.10833333333333334	0.07083333333333333	0.125	0.0	0.00021079077985283076	FALSE
32	C9	210831_Cstr	1	0	0	0.101	0.101	1.135	0.3249416666666667		0.101	0.28470621528474693	0.7733138530750968	0.9929105264902005	2.3818703998052495	0.13520072313122722	0.13199958476599072	33.17434390885519	-7.7331958350714105	0.020894073518509713	0.02360175486314968	0.0	0.10833333333333334	0.07083333333333333	0.125	0.0	0.00019272856676283445	FALSE
33	C10	210831_Cstr	1	0	0	0.087	0.086	0.087	0.03477083333333333		0.087	0.00011556806194028778	-0.0003348369513058933	0.00042394549839573636	0.0007188211081576183	6.255991852718856e-05	0.0007188211094941162	0.7038083157085521	-0.09274232105995213	0.9848522176981188	0.03920588236182	0.016666666666666666	0.05	0.029166666666666667	0.05416666666666667	0.0	6.445765192058367e-09	TRUE
34	C11	210831_Cstr	1	0	0	0.086	0.086	0.086	0.03439999999999999		0.086	0.0	0.0	0.0	0.0	0.0	0.0	0.0	0.0	inf	inf	0.0	0.0	0.0	0.0	0.0	0.0	FALSE
35	C12	210831_Cstr	1	0	0	0.087	0.086	0.087	0.03472083333333333		0.087	2.8301200800254163e-05	-0.0008815229071469258	0.00020421505005809026	-0.0006672661077714837	0.0	0.0	0.009301430161144306	0.008545070248020493	74.52049507993844	0.46546920226390975	0.0	0.3958333333333333	0.32083333333333336	0.3958333333333333	0.0	1.5114314420682166e-07	TRUE
36	D1	210831_Cstr	1	0	0	0.1	0.1	1.195	0.3360416666666667		0.1	0.29598270299478135	0.75320491040852	1.0935571348759856	2.47963890573661	0.04060266465015183	0.0346062080170344	20.491277009516384	-0.9428089654767963	0.0338264511400651	0.0306638870667537	0.0	0.2791666666666667	0.09583333333333334	0.3958333333333333	0.0	6.669799293815584e-06	FALSE
37	D2	210831_Cstr	1	0	0	0.1	0.1	1.108	0.3139333333333334		0.1	0.27389177417970767	0.7263609500914312	1.0064019528685133	2.40378853035383	0.028965955491953577	0.026526700330430142	23.096452630402627	-0.8755362253410696	0.030010980112484143	0.04424962432750276	0.0	0.2833333333333333	0.10833333333333334	0.3958333333333333	0.0	3.603889311708002e-06	FALSE
38	D3	210831_Cstr	1	0	0	0.099	0.099	1.008	0.2882625		0.099	0.2485159190730747	0.7030410600972019	0.9072712514370254	2.3192383036975244	0.027170447822867927	0.027362600474212684	20.874131444669874	-0.47913808429345206	0.033206036974388106	0.03691140476819111	0.0	0.2833333333333333	0.09583333333333334	0.32083333333333336	0.0	1.1844297873137015e-05	FALSE
39	D4	210831_Cstr	1	0	0	0.1	0.1	0.113	0.044004166666666664		0.1	0.003381812113709212	0.03809373482235855	0.011349192374432784	0.12136150584342964	0.0	0.0	2.9591166310242913	0.2101782916778448	0.23424125068027954	-0.00521153546933025	0.0	0.3958333333333333	0.0	0.3958333333333333	1.0	3.222965702852764e-07	FALSE
40	D5	210831_Cstr	1	0	0	0.099	0.099	0.131	0.047404166666666664		0.099	0.007085336825959906	0.0710600665497147	0.02960390918379789	0.27547179247655507	0.0	0.0	1.8229483150431494	0.4019083439124202	0.38023413765493314	-0.009852341153830999	0.0	0.3958333333333333	0.0	0.3958333333333333	1.0	6.169914600888454e-07	FALSE
41	D6	210831_Cstr	1	0	0	0.101	0.101	0.135	0.04755		0.101	0.0061531287729411615	0.06419804556654948	0.03182325329069964	0.29245822311318825	0.0	0.0	1.6765256458115654	0.8582605139800547	0.41344263494663663	-0.014516032551617247	0.0	0.3958333333333333	0.0	0.3958333333333333	1.0	7.921123917365277e-07	FALSE
42	D7	210831_Cstr	1	0	0	0.103	0.103	1.265	0.34175		0.103	0.30053608871169185	0.7456724913182643	1.1583286524859886	2.5052148046512457	0.021135219931660343	0.016897900423003875	24.285714202666092	-0.8695924374644732	0.02854135459124572	0.0390090637222556	0.0	0.32083333333333336	0.07916666666666666	0.3375	1.0	6.206584063385705e-06	FALSE
43	D8	210831_Cstr	1	0	0	0.102	0.102	1.215	0.3346625		0.102	0.2938349317670837	0.7438974682641446	1.108961336649401	2.474245780876764	0.017165393271511453	0.014275737241099762	22.296744077490068	-0.5455728867901227	0.03108737213608331	0.035204365003905065	0.0	0.3125	0.08333333333333333	0.3958333333333333	0.0	9.644419925381088e-06	FALSE
44	D9	210831_Cstr	1	0	0	0.103	0.103	1.163	0.317575		0.103	0.27650614815130686	0.7225094473799661	1.0519038858392922	2.41675205280967	0.0029742974974915626	0.0025794380252648352	21.06345577979874	-0.42989919572158036	0.03290757166374948	0.035546402340052415	0.0	0.31666666666666665	0.09166666666666666	0.3416666666666667	0.0	1.3261906406226438e-05	FALSE
45	D10	210831_Cstr	1	0	0	0.09	0.09	0.093	0.036675		0.09	0.0007260198383586044	0.007407532944112146	0.0027282857801624316	0.028474100446417294	9.552691061454066e-06	0.00010316668616416891	0.12841419280041924	-0.008707016274595646	5.397745883410501	0.011340884035580277	0.0	0.37083333333333335	0.03333333333333333	0.3958333333333333	0.0	1.5396253367971396e-07	FALSE
46	D11	210831_Cstr	1	0	0	0.089	0.089	0.092	0.036479166666666674		0.089	0.0005159612421752615	0.009745081727368824	0.0022243562249967125	0.03458377603574064	0.0	0.0	0.08592606628922612	0.026658347582602455	8.066785906698207	-0.1180590969667485	0.0	0.3958333333333333	0.0	0.3958333333333333	0.0	8.561847244524824e-08	TRUE
47	D12	210831_Cstr	1	0	0	0.091	0.091	0.096	0.03815		0.091	0.0016359304655434476	0.018763466565157212	0.00478749799126682	0.054240285304541794	0.00010142013646452508	0.0010562236254741675	1.790306525027173	-0.06702673984617148	0.38716676215511464	-0.001744672647915471	0.0	0.22916666666666666	0.0	0.3958333333333333	0.0	5.396237536878574e-08	FALSE
48	E1	210831_Cstr	1	0	0	0.101	0.101	1.405	0.38677500000000004		0.101	0.3464688175353844	0.7995899506747766	1.3051593630172358	2.633324829499479	0.003975559612685364	0.002831738939661932	22.429105449605494	-0.5416303152548664	0.030903915544796597	0.027391590481052934	0.0	0.38333333333333336	0.07916666666666666	0.3958333333333333	0.0	6.048179437108694e-06	FALSE
49	E2	210831_Cstr	1	0	0	0.098	0.098	1.132	0.3182291666666667		0.098	0.27900302987871695	0.7348506436174206	1.0325728584041043	2.445561071199102	0.005908317858784873	0.005239397173748994	22.919053249805586	-0.5849013989761942	0.030243272835269713	0.04391469299753992	0.0	0.23333333333333334	0.10416666666666667	0.25416666666666665	0.0	8.109937901584505e-06	FALSE
50	E3	210831_Cstr	1	0	0	0.098	0.098	1.198	0.3374125		0.098	0.29824291800162583	0.7575293633458187	1.097817000833434	2.5015500012132215	0.00903204544236158	0.007582214969207968	25.858057111440104	-0.47795500069032887	0.02680584923966633	0.04092972629162555	0.0	0.2375	0.07916666666666666	0.25416666666666665	0.0	3.788236760505475e-06	FALSE
51	E4	210831_Cstr	1	0	0	0.098	0.098	0.113	0.04342916666666667		0.098	0.004139748280122084	0.04081132198109309	0.01475054848788876	0.1421805991742482	0.0	0.0	1.993984459721435	0.24095958611986074	0.34761914877550243	-0.0011366440079866684	0.0	0.3958333333333333	0.0	0.3958333333333333	1.0	1.5919109730132842e-07	FALSE
52	E5	210831_Cstr	1	0	0	0.098	0.098	0.314	0.0960625		0.098	0.0570887507926125	0.33726638559030275	0.21595510533698292	1.1624690127814636	0.0004705931450759704	0.0015027679509485026	10.84510963527046	-0.6720223147547183	0.06391334010176278	0.023538520788951887	0.0	0.39166666666666666	0.05416666666666667	0.3958333333333333	0.0	1.0103874682740875e-06	FALSE
53	E6	210831_Cstr	1	0	0	0.097	0.097	0.132	0.047625		0.097	0.008789437185590481	0.08077691599053985	0.034022652136253426	0.30131407717147596	0.0	0.0	2.217330002068452	0.2556644088785305	0.31260442961279467	-0.00039886254898728943	0.0	0.3958333333333333	0.0	0.3958333333333333	1.0	6.764492823621878e-07	FALSE
54	E7	210831_Cstr	1	0	0	0.101	0.101	1.451	0.3834958333333333		0.101	0.3433182684849386	0.7845750129677445	1.349865971658268	2.664405795656986	0.0004109919101091819	0.00028342405566661455	24.22891962672735	-0.25016241837568354	0.028608257868639027	0.03985771278284508	0.0	0.39166666666666666	0.0875	0.3958333333333333	0.0	7.222248775349781e-06	FALSE
55	E8	210831_Cstr	1	0	0	0.1	0.1	1.449	0.38177916666666667		0.1	0.3417170120942792	0.789397932585642	1.3476265095932984	2.6726139527721244	0.0005017339360158246	0.0003466149168218635	23.44910338427012	-0.29008658016049593	0.02955964538178952	0.03707785526520361	0.0	0.39166666666666666	0.0875	0.3958333333333333	0.0	5.5539596721432484e-06	FALSE
56	E9	210831_Cstr	1	0	0	0.099	0.099	1.436	0.375725		0.099	0.3360247021681595	0.786592028040529	1.336184441779384	2.6741012948840677	0.0	0.0	22.74758412320113	0.049787171849994524	0.030471243750802443	0.036007628865817216	0.0	0.3958333333333333	0.0875	0.3958333333333333	0.0	3.330920186862545e-06	FALSE
57	E10	210831_Cstr	1	0	0	0.089	0.089	0.092	0.03637083333333334		0.089	0.0008209463749772448	0.008545903396755669	0.0031606225392313003	0.03352137490457258	0.0001097482162474156	0.0011931866537309085	0.29207471792068435	-0.047726965559310254	2.3731844559999744	0.004875736163543492	0.0	0.3541666666666667	0.0	0.3958333333333333	0.0	6.108365903999189e-08	FALSE
58	E11	210831_Cstr	1	0	0	0.089	0.089	0.092	0.0363875		0.089	0.0008575457100278754	0.008727789072611502	0.003251706055570708	0.033970978475046786	0.00010453535592828966	0.0011359688860606218	0.2536588900142235	-0.03348296218657119	2.73259565442819	0.007826886628435335	0.0	0.32916666666666666	0.004166666666666667	0.3541666666666667	0.0	4.795663832570089e-08	FALSE
59	E12	210831_Cstr	1	0	0	0.091	0.091	0.097	0.038675		0.091	0.0022860292878529834	0.024231051004333072	0.006047601554432097	0.06405559830598893	3.5649822765548844e-05	0.0003675164582835899	4.190916590963115	-0.06002607718129777	0.16539274058915426	7.290368635270476e-05	0.0	0.1375	0.0	0.3958333333333333	0.0	2.0774175150713447e-08	FALSE
60	F1	210831_Cstr	1	0	0	0.092	0.092	0.562	0.1647875		0.092	0.12788612613201286	0.5427131369799645	0.4685435737855394	1.8075581117689836	0.049762259492836636	0.09292261044786443	14.47044435273343	-1.3341198072929734	0.04790089120027689	0.031073576155459984	0.0	0.275	0.09583333333333334	0.3958333333333333	0.0	4.734366995218441e-06	FALSE
61	F2	210831_Cstr	1	0	0	0.092	0.092	0.576	0.16873333333333332		0.092	0.13198966329777068	0.5505706704245839	0.48207142514856505	1.8307135810015147	0.0782401156409483	0.14655777296645667	16.41427417558055	-1.6319668288262932	0.04222831744769668	0.03673369683327864	0.0	0.24583333333333332	0.09583333333333334	0.3958333333333333	0.0	2.9585808384715535e-06	FALSE
62	F3	210831_Cstr	1	0	0	0.095	0.095	0.506	0.15053333333333332		0.095	0.11236478376497283	0.49917818400119074	0.40683292673574034	1.6652122449062077	0.04584168316882603	0.09571105381846223	14.216747704950148	-1.6880028944288406	0.048755678509972956	0.03698744842626049	0.0	0.26666666666666666	0.1	0.3958333333333333	0.0	4.939242655548955e-06	FALSE
63	F4	210831_Cstr	1	0	0	0.084	0.084	0.085	0.033737500000000004		0.084	0.00015134153101419996	0.0016103911886925348	0.0011129026643592194	0.012711494217002229	0.0010745807468998808	0.012711493481075902	0.8485589184404955	-0.8207085978780516	0.8168521542780198	0.14547867749031104	0.0	0.11666666666666667	0.15416666666666667	0.12916666666666668	0.0	1.7892405543492625e-08	FALSE
64	F5	210831_Cstr	1	0	0	0.084	0.083	0.084	0.03357916666666666		0.084	9.074223320694637e-05	-0.0002470853131122971	0.0003350092146552075	0.0006727238453556737	5.652781468247492e-05	0.0006727238453556908	0.9932666787601839	-0.12290586438751434	0.6978460018664333	0.028801595076126688	0.0125	0.0375	0.020833333333333332	0.041666666666666664	0.0	4.349461614858091e-09	TRUE
65	F6	210831_Cstr	1	0	0	0.082	0.082	0.083	0.03282083333333334		0.082	-1.2308961893729245e-08	0.0002042723414854092	0.0	0.0005110559353050052	0.0	0.0	-1.481497175948886e-06	-2.714488149001076e-06	-467869.3903793577	344.95910191504635	0.0	0.0	0.0	0.3958333333333333	0.0	4.947237321865132e-08	TRUE
66	F7	210831_Cstr	1	0	0	0.093	0.093	0.386	0.11156250000000001		0.093	0.07431442942701408	0.4001337306129435	0.28024100845761235	1.3893756889027604	0.0	0.0	11.959745027334446	0.12399758060521938	0.057956685445695655	0.04582580384257093	0.0	0.3958333333333333	0.10833333333333334	0.3958333333333333	0.0	0.0001130925247540732	FALSE
67	F8	210831_Cstr	1	0	0	0.094	0.094	0.399	0.11769583333333333		0.094	0.07970081870543821	0.41647551112250536	0.2961192834369831	1.4254680972161893	0.0	0.0	11.160892119180984	0.584106764140988	0.06210499780467462	0.04114710542356956	0.0	0.3958333333333333	0.125	0.3958333333333333	0.0	4.038423913755206e-05	FALSE
68	F9	210831_Cstr	1	0	0	0.093	0.093	0.47	0.13597083333333332		0.093	0.09877357580489923	0.46690266953547693	0.37073242557908187	1.606617809645961	0.002195966124915072	0.004747094193147561	13.467783164762858	-0.6720656459148211	0.0514670582441138	0.04589412853602563	0.0	0.37916666666666665	0.1125	0.3958333333333333	0.0	1.864674475210487e-05	FALSE
69	F10	210831_Cstr	1	0	0	0.082	0.082	0.082	0.0328		0.082	0.0	0.0	0.0	0.0	0.0	0.0	0.0	0.0	inf	inf	0.0	0.0	0.0	0.0	0.0	0.0	FALSE
70	F11	210831_Cstr	1	0	0	0.083	0.083	0.084	0.03332083333333333		0.083	0.00012176152872399673	0.0014124486417825576	0.0005271427047605914	0.006204049024013877	0.00022344487650372002	0.0026790421160554686	0.034421808315202536	-0.03879760854920333	20.136861323866416	0.06520327042731972	0.0	0.2833333333333333	0.17083333333333334	0.3958333333333333	0.0	1.7033216487539275e-07	TRUE
71	F12	210831_Cstr	1	0	0	0.084	0.083	0.084	0.03355833333333333		0.084	-4.8140432313330435e-05	-0.00047612032598147295	0.0	0.00024354500942335756	0.0	0.0	-0.00404596214338495	-0.00897356183594911	-171.3182565717339	-0.2549271190052989	0.0	0.0	0.3958333333333333	0.20416666666666666	0.0	8.481343412942652e-08	FALSE
72	G1	210831_Cstr	1	0	0	0.092	0.092	0.747	0.20612083333333334		0.092	0.16936838423316525	0.6147968435850328	0.6540912328330478	2.0928902663260374	0.0005791763988972631	0.0007767137355898512	17.580805647750367	-0.31263414414594987	0.03942636045513876	0.037340231780445314	0.0	0.39166666666666666	0.09583333333333334	0.3958333333333333	0.0	5.853886385926486e-06	FALSE
73	G2	210831_Cstr	1	0	0	0.09	0.09	0.566	0.15895		0.09	0.12303391858756024	0.5285717343032724	0.47532969308948564	1.8372159297246142	0.0	0.0	13.810202288525755	0.549716542881232	0.050190950579764394	0.042129569532915814	0.0	0.3958333333333333	0.11666666666666667	0.3958333333333333	0.0	3.1839406139833383e-06	FALSE
74	G3	210831_Cstr	1	0	0	0.093	0.093	0.56	0.16061250000000002		0.093	0.12325171246213637	0.52056613062191	0.4649614528868654	1.792396363310262	0.0	0.0	14.55945868248811	0.006031649465336693	0.04760803239159241	0.04738313637931761	0.0	0.3958333333333333	0.11666666666666667	0.3958333333333333	0.0	3.0130942203365213e-06	FALSE
75	G4	210831_Cstr	1	0	0	0.083	0.083	0.084	0.03325		0.083	7.140143564514819e-05	0.0005750796248579482	0.0007282603466697846	0.008033178287729075	0.0006694293790630995	0.008033061655642357	0.19271568615260626	-0.15179382799217953	3.5967346218566822	0.012802696178285018	0.0	0.06666666666666667	0.03333333333333333	0.09583333333333334	0.0	5.4879986150252066e-08	TRUE
76	G5	210831_Cstr	1	0	0	0.088	0.086	0.088	0.03495833333333333		0.088	-0.0002509081425219242	-0.0027602037559979514	1.2847473301699774e-05	0.000417458198490173	0.0019218984410012546	0.02207245392862791	0.04507688824144586	-0.20121352190061823	15.376997117618966	0.537130872920497	0.0	0.10833333333333334	0.2833333333333333	0.38333333333333336	0.0	4.740150212842345e-08	TRUE
77	G6	210831_Cstr	1	0	0	0.085	0.085	0.087	0.03445416666666666		0.085	0.0003543379668973334	0.0052980431731025086	0.0017432707515424167	0.023157864616821504	0.0010199930541373997	0.0117945012826332	0.5295542190377339	-0.2363837742578651	1.308925801440087	-0.005472515362788439	0.0	0.058333333333333334	0.008333333333333333	0.09166666666666666	0.0	4.199999727245829e-08	FALSE
78	G7	210831_Cstr	1	0	0	0.092	0.092	0.247	0.08179166666666667		0.092	0.04431697908093835	0.30135361425075213	0.14971615909169145	0.9725696861600039	0.006303252219525823	0.026247155319999216	8.397563208251835	-0.6631486365810932	0.0825414663004652	0.026922066666241036	0.0	0.20416666666666666	0.07916666666666666	0.3958333333333333	0.0	3.145626511542593e-05	FALSE
79	G8	210831_Cstr	1	0	0	0.093	0.093	0.252	0.0796125		0.093	0.04171070191050065	0.28744662366536516	0.14831545099793964	0.9599843063723275	0.01040101079026251	0.04376691276698219	8.279287818786328	-1.228622496329558	0.0837206286013082	0.02898711002797167	0.0	0.2916666666666667	0.08333333333333333	0.3958333333333333	0.0	6.583438752744874e-05	FALSE
80	G9	210831_Cstr	1	0	0	0.094	0.094	0.265	0.08182083333333334		0.094	0.043972779245292686	0.29354794293788267	0.15111500656994464	0.9592851358725198	0.004324665473957268	0.017785611300925375	8.174945079850158	-1.126719595453179	0.08478921555918885	0.028339623612940887	0.0	0.3	0.09583333333333334	0.3333333333333333	0.0	0.00014735180811386268	FALSE
81	G10	210831_Cstr	1	0	0	0.082	0.082	0.084	0.0334625		0.082	0.0004180489818459301	0.007988795235385118	0.0014490044359184578	0.024803971099474454	8.682066350744477e-05	0.0010333832012346354	0.27557740856378576	-0.04279014324730867	2.5152540049359957	-0.026910035680960787	0.0	0.1875	0.0	0.3958333333333333	0.0	2.473956838026081e-08	TRUE
82	G11	210831_Cstr	1	0	0	0.084	0.083	0.084	0.03344583333333333		0.084	-0.00011558264078269861	-0.001804997067006561	0.0	-0.001061008920021503	0.0	0.0	0.056205963584120514	-0.07370026892690287	12.332271103626724	0.2846578898681827	0.1	0.0	0.2	0.03333333333333333	0.0	1.9795408291043014e-07	FALSE
83	G12	210831_Cstr	1	0	0	0.082	0.082	0.083	0.032875		0.082	2.559785338985173e-07	0.000867879600370391	1.1797168528171476e-06	0.002176267288751415	0.0	0.0	4.5571618404018065e-05	2.6900101604725725e-05	15210.062860063585	-47.43987038409953	0.0	0.3958333333333333	0.0	0.3958333333333333	0.0	1.5239633834073358e-07	TRUE
84	H1	210831_Cstr	1	0	0	0.096	0.096	1.429	0.37501249999999997		0.096	0.3363393493071143	0.8045437811133703	1.3259081836917228	2.695870932001249	0.3386704549147148	0.27190025752208413	29.417547390869778	-5.3681978321927	0.023562371510790017	0.04119347610663293	0.0	0.3125	0.08333333333333333	0.36666666666666664	0.0	2.9568927514039713e-05	FALSE
85	H2	210831_Cstr	1	0	0	0.096	0.096	1.458	0.3818583333333333		0.096	0.34335524537581996	0.8137886515031325	1.3582096288397931	2.7180224196740568	0.6253972810422821	0.5621087767736839	34.40163652734528	-17.57026361384112	0.020148668799781496	0.043721619212735874	0.0	0.2833333333333333	0.07916666666666666	0.3875	0.0	4.739307072359045e-05	FALSE
86	H3	210831_Cstr	1	0	0	0.096	0.096	1.439	0.3806541666666666		0.096	0.3421560322706357	0.8062519268121106	1.3435885125727083	2.707927563180389	0.13035814059394646	0.09490161138276498	34.061563607178954	-2.7149858515352143	0.020349834451341944	0.04721799016161646	0.0	0.325	0.08333333333333333	0.3958333333333333	0.0	1.3688864181515759e-05	FALSE
87	H4	210831_Cstr	1	0	0	0.083	0.083	0.085	0.0335		0.083	0.0003312872408236617	0.003579282658807243	0.0014422395069725452	0.016266929836738848	0.0013305388618296415	0.015897630059256367	0.3966656309067311	-0.1961743614920486	1.7474344297878597	0.002848982485262974	0.0	0.0625	0.0125	0.30833333333333335	0.0	6.95383155627069e-08	TRUE
88	H5	210831_Cstr	1	0	0	0.084	0.083	0.084	0.03336666666666667		0.084	5.495126574691446e-06	-0.0027819878779157805	0.000644430798619422	0.000591518873456702	0.001008935721782081	0.012076667103136951	0.1893667518945258	-0.2201118086208185	3.6603425555190228	0.03804711101554507	0.0	0.0625	0.0125	0.18333333333333332	0.0	3.7593762796511425e-08	TRUE
89	H6	210831_Cstr	1	0	0	0.082	0.082	0.084	0.03292083333333333		0.082	-0.00010105218636621033	0.0014021829412978917	3.4017316526302466e-05	0.006984837135818805	0.00045464935063338485	0.005521125155041349	0.024352568653739026	-0.04312700160606124	28.463000778914605	-0.2699014859038403	0.0	0.03333333333333333	0.0	0.12083333333333333	0.0	2.163845473727821e-07	TRUE
90	H7	210831_Cstr	1	0	0	0.095	0.095	0.313	0.10450833333333333		0.095	0.06589608841152353	0.38338855640021946	0.21525905694783432	1.1880275162687148	0.0035477493461175125	0.01144878047206399	13.70585624963096	-1.4941433218773807	0.05057306657353923	0.022433061171532244	0.0	0.37916666666666665	0.0625	0.3958333333333333	0.0	5.637844622170776e-05	FALSE
91	H8	210831_Cstr	1	0	0	0.092	0.092	1.183	0.27282083333333335		0.092	0.23613567231466004	0.6954742537863436	1.0876699629809001	2.5509412014579738	0.0009303671468439134	0.0007891838863685052	24.539390097804528	-0.8004494661233813	0.028246308396310114	0.04320623382265781	0.0	0.39166666666666666	0.08333333333333333	0.3958333333333333	1.0	1.9355700799937097e-05	FALSE
92	H9	210831_Cstr	1	0	0	0.091	0.091	0.382	0.12228333333333334		0.091	0.08552926232166412	0.4528359165667627	0.28942276158662583	1.43261737881702	0.0012491734136124144	0.0032818291114926623	20.781300165466117	-1.0660847540000478	0.03335437027716876	0.038550579996812016	0.0	0.3875	0.07916666666666666	0.3958333333333333	0.0	2.209310198924856e-05	FALSE
93	H10	210831_Cstr	1	0	0	0.086	0.086	0.086	0.03439999999999999		0.086	0.0	0.0	0.0	0.0	0.0	0.0	0.0	0.0	inf	inf	0.0	0.0	0.0	0.0	0.0	0.0	FALSE
94	H11	210831_Cstr	1	0	0	0.085	0.084	0.085	0.03365		0.085	-3.4129349531682635e-05	-0.004131904183636292	0.00018815285737908138	-0.007083167524148528	0.0	0.0	0.025237095408040717	0.019988280656959973	27.46541031576493	0.6694978575305808	0.1	0.3958333333333333	0.30416666666666664	0.3958333333333333	0.0	9.138484276537253e-08	TRUE
95	H12	210831_Cstr	1	0	0	0.082	0.082	0.082	0.0328		0.082	0.0	0.0	0.0	0.0	0.0	0.0	0.0	0.0	inf	inf	0.0	0.0	0.0	0.0	0.0	0.0	FALSE
