Sample_ID	Well	Plate_ID	Group	Control	Flag	OD_Baseline	OD_Min	OD_Max	OD_Emp_AUC	Fold_Change	OD_Offset	auc_lin	auc_log	k_lin	k_log	death_lin	death_log	gr	dr	td	lagC	lagP	t_k	t_gr	t_dr	diauxie	MSE	K_Error > 20%
96	A1	220628_Cstr	1	0	0	0.076	0.076	0.536	0.06770000000000001		0.076	0.03602702352799503	0.26057976944522565	0.30431394737635675	1.6120620617267662	0.2789924281452837	1.317763197341153	28.312441774809685	-16.317318559162622	0.02448206997026503	0.10937881333208999	0.0	0.18333333333333332	0.14166666666666666	0.2125	0.0	0.0012861514159897792	TRUE
97	A2	220628_Cstr	1	0	0	0.077	0.077	0.287	0.0755		0.077	0.04450748051800879	0.30457312648128276	0.20520057458042362	1.3001231497395602	0.11445303449371487	0.5192648057224443	36.80875557867073	-7.0465636747654345	0.018831040866852822	0.12985080330459636	0.0	0.30416666666666664	0.15	0.3958333333333333	0.0	3.507886817949161e-05	FALSE
98	A3	220628_Cstr	1	0	0	0.08	0.08	0.31	0.07292499999999999		0.08	0.04094951102957129	0.3058300152756932	0.19327125638934833	1.2272755049417192	0.09809670389935142	0.4453337337590977	30.076532757145152	-10.37292873041527	0.02304611326567479	0.06523023957390317	0.0	0.11666666666666667	0.09166666666666666	0.12916666666666668	0.0	7.1657076690822e-05	FALSE
99	A4	220628_Cstr	1	0	0	0.084	0.084	0.41	0.07030416666666667		0.084	0.03962537139597262	0.27373462957029626	0.15915250678721343	1.0182814359759877	0.04660987276048177	0.22368229027270914	10.297505640387806	-3.9916173227649656	0.06731214381095899	0.01698791855353304	0.0	0.15833333333333333	0.04583333333333333	0.22916666666666666	0.0	0.0014892859921305022	TRUE
100	A5	220628_Cstr	1	0	0	0.079	0.079	0.369	0.06652916666666667		0.079	0.03413389786868329	0.24460669796838835	0.2534215973333973	1.4399466779574113	0.21342338902882574	1.0219544426909462	26.849973297850152	-17.728824875336503	0.025815563124431295	0.09631207916967174	0.0	0.175	0.125	0.24583333333333332	0.0	0.0004485381182781372	FALSE
101	A6	220628_Cstr	1	0	0	0.075	0.075	0.341	0.06815833333333332		0.075	0.03799375788357075	0.27406749835769206	0.23791436514520847	1.4280232848628067	0.09404130571702071	0.35761735620111135	28.98201453858854	-12.119049680154744	0.0239164596248837	0.14253479499323174	0.0	0.20416666666666666	0.17083333333333334	0.225	0.0	0.00016378785293095688	FALSE
102	A7	220628_Cstr	1	0	0	0.077	0.077	0.233	0.06477083333333333		0.077	0.033693841351779025	0.2664031568257025	0.1388288983437345	1.0324864330507433	0.01636840875707221	0.07872173345390676	16.73846829556472	-3.1855639772158577	0.041410430651149376	0.09710558794609453	0.0	0.17916666666666667	0.13333333333333333	0.19583333333333333	0.0	6.955590026281927e-05	FALSE
103	A8	220628_Cstr	1	0	0	0.079	0.079	0.281	0.06552916666666667		0.079	0.033891417459410746	0.2390684992885631	0.17996543395427805	1.1870733275992127	0.022399376037185087	0.09048353083031757	32.220299264495466	-6.185408873656529	0.021512748062018944	0.16939686124707004	0.0	0.21666666666666667	0.19166666666666668	0.22916666666666666	0.0	3.676669428855957e-05	FALSE
104	A9	220628_Cstr	1	0	0	0.079	0.078	0.614	0.064025		0.079	0.03170910850933918	0.21572337857622492	0.21929223722548258	1.3291285622669424	0.05832674671354393	0.21745638329746364	27.745852637179535	-7.175220582484236	0.024982010451216976	0.19392422884967508	0.0	0.25833333333333336	0.21666666666666667	0.275	0.0	0.0011813837356958166	TRUE
105	A10	220628_Cstr	1	0	0	0.08	0.08	0.081	0.032212500000000005		0.08	0.00014899888033675213	0.0026195237312253727	0.0009138766519663777	0.01326008355560168	0.0001835323863331323	0.002266501521478977	0.097577016372414	-0.05404029844177165	7.103590643871182	0.1531538975810273	0.0	0.325	0.22916666666666666	0.3958333333333333	0.0	1.029588807417832e-07	FALSE
106	A11	220628_Cstr	1	0	0	0.087	0.086	0.087	0.0344125		0.087	-0.00042546640613601186	-0.004479234750426264	0.0	0.0010914473118573778	0.0	0.0	0.06279965239927593	-0.7850981740307948	11.03743657931357	0.236776248521007	0.03333333333333333	0.0	0.04583333333333333	0.0	0.0	4.521810756120642e-09	FALSE
107	A12	220628_Cstr	1	0	0	0.079	0.079	0.732	0.034695833333333335		0.079	3.6975351690906e-07	0.007907786801113627	1.2680879724058514e-06	0.01977373252432927	9.005703395514875e-08	1.117643168044996e-06	0.00010066258631732544	-2.6840561372111913e-05	6885.847124719116	-196.2794287554594	0.0	0.3125	0.0	0.3958333333333333	0.0	0.0044207657519596075	TRUE
108	B1	220628_Cstr	1	0	0	0.069	0.069	0.069	0.0276		0.069	0.0	0.0	0.0	0.0	0.0	0.0	0.0	0.0	inf	inf	0.0	0.0	0.0	0.0	0.0	0.0	FALSE
109	B2	220628_Cstr	1	0	0	0.073	0.07	0.085	0.030191666666666665		0.073	0.0019106342687904732	0.012883713871921958	0.010291983855171952	0.10338196758372435	0.00633251325684428	0.08145596801111156	1.948639203781449	-1.3202819866362239	0.3557083215891646	0.026277974221924856	0.0	0.1	0.04583333333333333	0.15	0.0	3.820547040658189e-06	FALSE
110	B3	220628_Cstr	1	0	0	0.084	0.081	0.122	0.037475		0.084	0.0032998850128913896	0.04070173404941861	0.0329449352992332	0.34195319564664395	0.0	0.0	1.639229819288452	1.5975273169554856	0.4228492993501197	0.18691646985374774	0.0	0.3958333333333333	0.35833333333333334	0.3958333333333333	0.0	2.3066806713813283e-05	FALSE
111	B4	220628_Cstr	1	0	0	0.085	0.083	0.099	0.03486666666666667		0.085	0.0013480740101139673	0.009617100914957839	0.009213892517213482	0.08946105342161315	0.0	0.0	0.6273147113103132	0.07206463113778738	1.1049432893294076	0.22713705220131672	0.0	0.3958333333333333	0.3125	0.3958333333333333	0.0	5.604804527142673e-06	TRUE
112	B5	220628_Cstr	1	0	0	0.07	0.07	0.071	0.028079166666666665		0.07	-9.568768444309903e-05	0.0010770323828506758	0.0	0.006096953509931669	0.0	0.0	0.00448434408587203	-0.0274123322497025	154.57047168697696	0.19957708171962482	0.0	0.0	0.3958333333333333	0.1375	0.0	1.3448837089607089e-07	TRUE
113	B6	220628_Cstr	1	0	0	0.072	0.07	0.073	0.028470833333333327		0.072	-9.744373856187677e-05	-0.004592832462022414	0.0007409777380478211	0.0022849049559696705	0.00025189194668451265	0.0034966207059749944	0.31858114915271823	-0.09225590419697301	2.1757319364419496	0.31219830451592023	0.05	0.3458333333333333	0.2791666666666667	0.37916666666666665	0.0	1.7974644137765574e-07	TRUE
114	B7	220628_Cstr	1	0	0	0.079	0.075	0.08	0.031041666666666665		0.079	0.00020993580924547804	-0.007163430342123002	0.0017366117453539581	-0.002308640782308149	0.0003084190058927072	0.003920737538870067	0.6190208266834836	-0.19802409345066047	1.1197477543261463	0.13736523313730944	0.0375	0.24166666666666667	0.07916666666666666	0.275	0.0	3.7244354923580055e-07	TRUE
115	B8	220628_Cstr	1	0	0	0.07	0.07	0.071	0.028104166666666666		0.07	0.00010139906163989491	0.0014578177400564457	0.0010007791384822329	0.014237065243713386	0.0010144667024827164	0.014390563552821745	0.2353086083634656	-0.18903720402109847	2.9456941052036942	0.1692488715894037	0.0	0.24583333333333332	0.2	0.2875	0.0	6.234720246857537e-08	FALSE
116	B9	220628_Cstr	1	0	0	0.083	0.08	0.086	0.03307500000000001		0.083	0.0005941197449478584	-0.0015029844905909211	0.0028822480643979215	0.013039238916072846	0.0	0.0	0.38473948457490725	0.014833977503265794	1.8016013649490459	0.09172080925454185	0.0	0.3958333333333333	0.058333333333333334	0.3958333333333333	0.0	7.784128222255203e-07	FALSE
117	B10	220628_Cstr	1	0	0	0.073	0.072	0.073	0.02880833333333333		0.073	-1.900575346443223e-08	-0.005401169696956835	0.0	-0.013502264512154201	0.0	0.0	-3.1638590932764026e-06	-3.4187928358163917e-06	-219082.8226304294	-4267.672665612361	0.0	0.0	0.3958333333333333	0.0	0.0	2.0398767526271792e-08	FALSE
118	B11	220628_Cstr	1	0	0	0.077	0.074	0.077	0.029983333333333334		0.077	-0.0003372513624052833	-0.010771599059499372	0.0002689088362996528	-0.01214913723357429	7.34083904213173e-05	0.0009654747341858901	0.257174952929015	-0.03797292239656874	2.6952359577227827	0.34776468319256065	0.0625	0.3333333333333333	0.25833333333333336	0.3541666666666667	0.0	1.2894828610125816e-07	TRUE
119	B12	220628_Cstr	1	0	0	0.071	0.071	0.072	0.028566666666666664		0.071	0.00015293310869448333	0.0023186045906163208	0.001069581587783433	0.015395246754740435	0.00015205748415994536	0.0021111628438938625	0.6734633438893214	-0.670293051818707	1.0292277773530296	0.03340804293387069	0.0	0.0625	0.04583333333333333	0.07916666666666666	0.0	1.853491378690274e-08	FALSE
120	C1	220628_Cstr	1	0	0	0.073	0.071	0.112	0.0395		0.073	0.010531150360259475	0.11870904723059421	0.03823986851154487	0.41568924896227405	0.007076326952881323	0.06610415340301506	15.564244637312438	-2.5002434751354103	0.04453458530831952	0.022283191985753986	0.0	0.1375	0.029166666666666667	0.30833333333333335	1.0	2.1112358561367203e-06	FALSE
121	C2	220628_Cstr	1	0	0	0.076	0.073	0.097	0.036025		0.076	0.006622487130575984	0.06692896149549651	0.021425096874944538	0.22214907075970036	0.0013770753894084276	0.014616251992170093	3.3294221541133635	-0.9934908127382992	0.20818843284970354	0.025726639523801335	0.0	0.36666666666666664	0.05	0.3958333333333333	0.0	2.914882305342836e-06	FALSE
122	C3	220628_Cstr	1	0	0	0.082	0.08	0.165	0.054283333333333336		0.082	0.02143721469578838	0.19438814510260527	0.08082612978196954	0.6863649169688029	0.0	0.0	12.445745855333834	0.7428336396332491	0.05569350271304836	0.04082820729759663	0.0	0.3958333333333333	0.058333333333333334	0.3958333333333333	1.0	7.857482853949532e-06	FALSE
123	C4	220628_Cstr	1	0	0	0.073	0.072	0.09	0.0326		0.073	0.003898113402392607	0.04335568067964797	0.01675263691817397	0.19227543149478887	0.005747426095692301	0.06716602749078562	2.502832377934541	-1.721589293873028	0.27694510693998775	0.029132457006719487	0.0	0.12916666666666668	0.06666666666666667	0.175	0.0	3.016549944194011e-06	FALSE
124	C5	220628_Cstr	1	0	0	0.079	0.077	0.101	0.03528333333333333		0.079	0.004273223059796114	0.04312682666473154	0.021301626096699278	0.22343185567434862	0.0054502551631456925	0.056757191604114826	3.885863539894844	-3.4082546770311324	0.1783766139607421	0.0427887701704686	0.0	0.1125	0.075	0.15	1.0	4.338682958168707e-06	FALSE
125	C6	220628_Cstr	1	0	0	0.077	0.073	0.082	0.03162916666666667		0.077	0.0013931689431537452	0.010460177396828408	0.0060377272176271035	0.058276211520845896	0.0002678085801847141	0.003286534466860898	2.068694130042148	-0.5231415678556343	0.3350650879189293	0.051328920237289966	0.020833333333333332	0.1	0.05416666666666667	0.13333333333333333	0.0	3.3584012767816555e-07	TRUE
126	C7	220628_Cstr	1	0	0	0.074	0.072	0.09	0.03210833333333333		0.074	0.0032404583316371777	0.032153464682296976	0.011958594677897408	0.1280169282701933	0.00010661123414122675	0.0012683806319917224	1.8372725808876906	-0.22403214512869427	0.37726964837468296	0.029335616281857022	0.0	0.38333333333333336	0.05	0.3958333333333333	1.0	1.8205353892637133e-06	TRUE
127	C8	220628_Cstr	1	0	0	0.073	0.071	0.078	0.03032083333333334		0.073	0.0013080388829371957	0.014904578731074368	0.005375718383980807	0.06498413774630117	0.00038991713761850344	0.005017834862272787	3.5127927049881507	-1.062545364094048	0.19732083238947726	0.051585303111507406	0.020833333333333332	0.16666666666666666	0.058333333333333334	0.17916666666666667	0.0	1.4230927228948724e-07	FALSE
128	C9	220628_Cstr	1	0	0	0.072	0.071	1.246	0.03511666666666667		0.072	5.115897292150111e-06	0.026659212988864207	2.1068069696095204e-05	0.06675559353179493	0.0	0.0	0.0011396400936218574	0.00024169273283025736	608.2158608136313	-58.33582034769186	0.0	0.3958333333333333	0.0	0.3958333333333333	0.0	0.01424091877575197	TRUE
129	C10	220628_Cstr	1	0	0	0.071	0.071	0.072	0.028408333333333327		0.071	9.00003319902661e-10	5.887822203360128e-05	3.201625742299541e-09	0.0001472089561736949	5.6405283221927505e-11	7.94323696309265e-10	2.5800446077464735e-07	-3.425545814670042e-08	2686570.5285823373	-570.3927329328116	0.0	0.35	0.0	0.3958333333333333	0.0	2.0507051621673614e-08	TRUE
130	C11	220628_Cstr	1	0	0	0.071	0.071	0.071	0.028399999999999995		0.071	0.0	0.0	0.0	0.0	0.0	0.0	0.0	0.0	inf	inf	0.0	0.0	0.0	0.0	0.0	0.0	FALSE
131	C12	220628_Cstr	1	0	0	0.075	0.07	0.075	0.0292875		0.075	-0.0006871403040080452	-0.009680756764406044	0.00014742957293889525	0.001151537626607192	0.003990039444201024	0.054603291414686554	0.2599003421642094	-1.463696793428771	2.666972943506182	0.289193514463866	0.0	0.0125	0.24166666666666667	0.2833333333333333	0.0	7.428216744376612e-08	TRUE
132	D1	220628_Cstr	1	0	0	0.07	0.07	0.149	0.047075000000000006		0.07	0.01899028534606348	0.1928919831685289	0.07847912658514339	0.7532720814359788	0.0015844324729899495	0.010714163267899757	10.678458636047727	-0.8081660470980482	0.06491078948604613	0.10958224478087558	0.0	0.36666666666666664	0.15	0.3958333333333333	1.0	1.9371162882030243e-06	FALSE
133	D2	220628_Cstr	1	0	0	0.07	0.07	0.129	0.03309166666666667		0.07	0.005086608362960586	0.057025067485107675	0.058755288213780996	0.6094484078305094	0.00033811381655921013	0.0026293938205528278	11.037252861258695	-1.332981352743649	0.06280069771645137	0.2864343953075381	0.0	0.39166666666666666	0.31666666666666665	0.3958333333333333	1.0	6.782805516109339e-07	FALSE
134	D3	220628_Cstr	1	0	0	0.084	0.081	0.274	0.08402916666666668		0.084	0.05057688929608622	0.34217993661863505	0.18506141498887407	1.162645597184027	0.021589205974332337	0.08377035179274639	13.762591315227104	-2.5190254010599014	0.05036458357904144	0.03742850684352364	0.0125	0.2833333333333333	0.06666666666666667	0.3125	0.0	8.232318149095226e-06	FALSE
135	D4	220628_Cstr	1	0	0	0.085	0.083	0.245	0.07702083333333333		0.085	0.042611196568239085	0.3073196258780042	0.15133129673441442	1.0265553252118647	0.009319346971463194	0.04006924088517749	11.363313878657207	-1.0639746334486215	0.060998682951267195	0.03413493128820024	0.0125	0.3125	0.06666666666666667	0.35	0.0	2.1879985951214747e-05	FALSE
136	D5	220628_Cstr	1	0	0	0.071	0.071	0.159	0.04553333333333333		0.071	0.017173159391357686	0.16834226215983306	0.08763648406899448	0.8031934025642657	0.0007935397089925411	0.005018537322383665	10.045773458260095	-0.9872759281599552	0.06899888629182732	0.1432657262035384	0.0	0.38333333333333336	0.18333333333333332	0.3958333333333333	0.0	2.0894665096001233e-06	FALSE
137	D6	220628_Cstr	1	0	0	0.073	0.071	0.179	0.05237916666666666		0.073	0.0227205594267859	0.212639916160092	0.10308255335181549	0.886738816325213	0.00018222520093999495	0.0010289712060316258	10.034226791933362	-0.48837969199899794	0.06907828524637044	0.1060234105784504	0.016666666666666666	0.39166666666666666	0.14583333333333334	0.3958333333333333	1.0	5.376896794064064e-06	FALSE
138	D7	220628_Cstr	1	0	0	0.07	0.07	0.146	0.04224583333333334		0.07	0.01427631225945769	0.14751670010124623	0.07388709567143227	0.7199074074460894	0.0	0.0	8.24090701428778	0.22373683933763944	0.0841105450356608	0.1426818137591851	0.0	0.3958333333333333	0.18333333333333332	0.3958333333333333	0.0	1.7982930204418932e-06	FALSE
139	D8	220628_Cstr	1	0	0	0.079	0.075	0.19	0.05906666666666667		0.079	0.027075628140315812	0.23030487542386846	0.10946058129229028	0.8745544367097997	0.0001989166411207055	0.0010506498083624471	9.110172694754242	-0.5003617379171144	0.07608496609060644	0.07235169124698715	0.0	0.39166666666666666	0.1125	0.3958333333333333	0.0	1.6955949387492394e-06	FALSE
140	D9	220628_Cstr	1	0	0	0.071	0.07	0.155	0.04649166666666667		0.071	0.01820720287674504	0.17790614638954824	0.0836927511624569	0.7767770140638568	0.001313557382964542	0.008544661420862631	9.225316377628205	-1.246617029260515	0.07513532893471897	0.12405809713817903	0.0	0.37916666666666665	0.15833333333333333	0.3958333333333333	0.0	1.995678515100986e-06	FALSE
141	D10	220628_Cstr	1	0	0	0.072	0.071	0.072	0.028783333333333327		0.072	-4.302434577242257e-09	-0.00017669026724323066	0.0	-0.0004415762120228082	0.0	0.0	-3.320769019488993e-07	-9.682118840872478e-07	-2087309.2241344997	-1330.1200650580417	0.0	0.0	0.3958333333333333	0.0	0.0	4.002761507883828e-08	FALSE
142	D11	220628_Cstr	1	0	0	0.078	0.071	0.078	0.030175		0.078	-0.0010257715975690188	-0.013628287057513816	6.985784810677187e-05	0.0009691936627674783	0.006874081120841535	0.09216339555968593	0.7339694243172992	-3.833031768156178	0.9443815472349892	0.5200812909124145	0.0	0.041666666666666664	0.3958333333333333	0.2833333333333333	0.0	1.9306905975468065e-07	TRUE
143	D12	220628_Cstr	1	0	0	0.071	0.071	0.072	0.028491666666666658		0.071	6.0610032911129724e-05	0.0012701672582804031	0.0009892585636855217	0.014880464087943442	0.0010628901984205963	0.014859019400877908	0.29321995079405655	-0.26224978817190053	2.3639154794305868	0.09129652294639909	0.0	0.15833333333333333	0.11666666666666667	0.19583333333333333	0.0	4.4483239950403626e-08	FALSE
144	E1	220628_Cstr	1	0	0	0.069	0.069	0.087	0.029079166666666663		0.069	0.0012606255412691012	0.01999015060678277	0.007968696669133815	0.11531494365262973	0.001798951117481934	0.023506282644356946	0.848098331956467	-0.5905462891880436	0.8172957715421195	0.15167602729780505	0.0	0.325	0.22083333333333333	0.3958333333333333	0.0	8.059702115776131e-06	TRUE
145	E2	220628_Cstr	1	0	0	0.071	0.07	0.093	0.030695833333333332		0.071	0.002172743362455885	0.029562800530926817	0.013097386716079587	0.17125736551780024	0.0	0.0	1.5541255909575695	0.6304087454782742	0.44600461159182436	0.1217622137561829	0.0	0.3958333333333333	0.1625	0.3958333333333333	1.0	1.4596977314347554e-05	TRUE
146	E3	220628_Cstr	1	0	0	0.102	0.081	0.252	0.07046666666666666		0.102	0.03147289886683976	0.1998844831172139	0.13561973684326029	0.824727443562351	0.011204621592142097	0.04935086595893046	11.417436397512425	-3.294965507117845	0.06070952851648596	0.05658432496804184	0.025	0.32083333333333336	0.06666666666666667	0.3958333333333333	1.0	0.00010930781303045348	FALSE
147	E4	220628_Cstr	1	0	0	0.103	0.1	0.242	0.07539166666666666		0.103	0.03398136056517496	0.22816157719489016	0.12946184601389216	0.8159702434716398	0.0002878930262173174	0.0012367760905989122	11.017865922652593	-0.495307609716319	0.06291120126401642	0.04377794230359955	0.0	0.39166666666666666	0.06666666666666667	0.3958333333333333	1.0	1.9940185344952943e-05	FALSE
148	E5	220628_Cstr	1	0	0	0.071	0.071	0.126	0.033699999999999994		0.071	0.0054337683207265385	0.06453639909859485	0.045191137255925204	0.4884040159467249	0.0	0.0	3.722248142991905	3.722248142991905	0.1862173487452668	0.26462122785716513	0.0	0.3958333333333333	0.3958333333333333	0.3958333333333333	1.0	2.1778776864940335e-05	FALSE
149	E6	220628_Cstr	1	0	0	0.072	0.072	0.09	0.030829166666666664		0.072	0.0014615394400636565	0.026379424630955002	0.006077247633090574	0.09726019214286707	0.0	0.0	0.28856854784108643	0.04381684209220681	2.402019158864322	-0.060904219802336214	0.0	0.3958333333333333	0.025	0.3958333333333333	0.0	1.8896742702209154e-05	TRUE
150	E7	220628_Cstr	1	0	0	0.094	0.091	0.195	0.05977916666666666		0.094	0.022854617730341677	0.17504218937774046	0.10197990659579083	0.7258810049916464	0.0027816127091580822	0.014422840782580604	8.743129314902339	-1.831587759891292	0.07927907224001614	0.053407429422794375	0.0	0.3416666666666667	0.075	0.3958333333333333	1.0	7.82299120260016e-06	FALSE
151	E8	220628_Cstr	1	0	0	0.074	0.074	0.163	0.03707916666666666		0.074	0.007445746026359775	0.08012924812980164	0.07898425486873771	0.7257842852004263	0.0	0.0	9.058180264359562	6.052129063052934	0.07652168099228622	0.2689379340916074	0.0	0.3958333333333333	0.30833333333333335	0.3958333333333333	1.0	2.0086942207085973e-05	FALSE
152	E9	220628_Cstr	1	0	0	0.071	0.07	0.086	0.029845833333333332		0.071	0.0016397304411989997	0.019138407124904916	0.006746400300202113	0.08323802229368338	0.0001482386706693345	0.0019229626476696682	0.36548170778480044	-0.09124637745965596	1.8965304303767723	0.046994400661667254	0.0	0.3541666666666667	0.14166666666666666	0.3958333333333333	0.0	1.0750882013087577e-05	TRUE
153	E10	220628_Cstr	1	0	0	0.071	0.07	0.071	0.028349999999999993		0.071	-5.257066048749339e-05	-0.0006653349793080763	1.2889609023847282e-05	0.0003715589213219995	0.0	0.0	0.03243359536427692	0.00225784485399446	21.371271756180107	0.3397020505845606	0.0	0.3958333333333333	0.2833333333333333	0.3958333333333333	0.0	9.490948732592212e-08	TRUE
154	E11	220628_Cstr	1	0	0	0.072	0.072	0.075	0.029150000000000002		0.072	0.00034887663018455355	0.004749257321117029	0.0032321553251408175	0.043912641350848616	0.0003213530040309248	0.004280633500703089	2.1869689153122565	-0.3800867713671529	0.31694423076012374	0.2719696591556836	0.0	0.3	0.2791666666666667	0.30833333333333335	0.0	3.715449739007594e-08	FALSE
155	E12	220628_Cstr	1	0	0	0.071	0.071	0.072	0.0286125		0.071	-3.791486635852567e-05	0.002939478255902762	0.0003679714011541324	0.013801425831557612	0.0	0.0	0.07553796871012991	0.04973513257230863	9.176142705396733	0.20569683685121737	0.0	0.3958333333333333	0.3333333333333333	0.3958333333333333	0.0	2.02060314054144e-07	TRUE
156	F1	220628_Cstr	1	0	0	0.083	0.079	0.46	0.06963333333333332		0.083	0.03658044213229862	0.19965393636542722	0.3744290004004649	1.7058667232768343	0.0	0.0	16.627544543150968	-0.03695059506531733	0.04168668312757332	0.22111055147119646	0.0	0.3958333333333333	0.2625	0.3958333333333333	0.0	1.1345802850920772e-05	FALSE
157	F2	220628_Cstr	1	0	0	0.089	0.088	0.623	0.1268375		0.089	0.07794466577818032	0.4461087666791626	0.44457724787553254	1.8468287534363743	0.20999897735046244	0.4655107937390255	20.798235602607715	-10.082020390452806	0.03332721072132856	-0.01423064539442264	0.0	0.3125	0.0	0.35	1.0	0.0017895779131135896	FALSE
158	F3	220628_Cstr	1	0	0	0.088	0.085	1.216	0.1487125		0.088	0.1044889660896251	0.4892758099784288	0.6611482108653126	2.166373451275567	0.5486590232784049	1.2533610500416406	22.190022373143414	-26.720838437336354	0.031236885159650014	-0.008721694544756332	0.0	0.2708333333333333	0.0	0.37916666666666665	0.0	0.004204872653573813	TRUE
159	F4	220628_Cstr	1	0	0	0.086	0.085	0.697	0.13811666666666667		0.086	0.09959149803839401	0.46445849488827906	0.5730487723188605	2.0499907843482035	0.3673919845047226	0.7984200404008863	13.425588888991049	-25.46151742938399	0.05162881019903152	0.06846847722022681	0.0	0.3333333333333333	0.12083333333333333	0.3958333333333333	1.0	0.0009800491199837065	FALSE
160	F5	220628_Cstr	1	0	0	0.08	0.08	0.405	0.059720833333333334		0.08	0.027713550084886816	0.1680443359051048	0.3224216710061203	1.6153085381686274	0.00045481909913869245	0.0011310314965866652	25.136099980025588	-1.400467891708356	0.027575764780962637	0.25641136657802366	0.0	0.39166666666666666	0.2791666666666667	0.3958333333333333	1.0	2.1803753026819907e-05	FALSE
161	F6	220628_Cstr	1	0	0	0.081	0.08	0.422	0.06282083333333334		0.081	0.030348884830907447	0.17786504457923855	0.3376549166648472	1.642688214512897	0.0	0.0	24.09351863627342	0.7113267267254307	0.028769030834557896	0.24735632227194132	0.0	0.3958333333333333	0.2708333333333333	0.3958333333333333	1.0	3.782348385046116e-05	FALSE
162	F7	220628_Cstr	1	0	0	0.082	0.082	0.431	0.07928333333333333		0.082	0.046469348761893986	0.2528157203386965	0.3286150755642979	1.610639822377133	0.030434305969206377	0.07703316212652611	34.30061907122343	-6.557210833879083	0.02020800788232602	0.2169885775429475	0.0	0.35	0.24166666666666667	0.3958333333333333	0.0	5.375308686312778e-05	FALSE
163	F8	220628_Cstr	1	0	0	0.083	0.082	0.441	0.07005		0.083	0.03679686997631766	0.2023241517136135	0.34878509560431137	1.6490627228669017	0.012348979676649385	0.02901749884345639	37.64317359414916	-6.106088989881502	0.018413622295323166	0.24140117077776596	0.0	0.38333333333333336	0.25833333333333336	0.3958333333333333	0.0	3.784969649881431e-05	FALSE
164	F9	220628_Cstr	1	0	0	0.081	0.081	0.419	0.0782125		0.081	0.045558387555405935	0.25998739715394714	0.3219422121986164	1.6056594796731334	0.036091628347327764	0.09370919466921279	18.914535138982696	-2.3836091631922107	0.036646271000939104	0.19351581984942284	0.0	0.32916666666666666	0.22916666666666666	0.3541666666666667	0.0	3.966295822517614e-05	FALSE
165	F10	220628_Cstr	1	0	0	0.081	0.08	0.081	0.03225416666666667		0.081	-0.00014416280339718193	-0.0017911940617319965	7.341545984188014e-05	0.0009001303719487938	0.0009536617717148393	0.011832740677809392	0.3383147107091893	-0.3345856628004312	2.048823650343024	0.2828601257731289	0.0	0.29583333333333334	0.26666666666666666	0.325	0.0	5.565654298336043e-08	TRUE
166	F11	220628_Cstr	1	0	0	0.081	0.081	0.085	0.032891666666666666		0.081	0.0005442276280276054	0.005920081171594337	0.004390676011266137	0.051154908011766094	0.00138382195543639	0.016365443078957605	2.8293561096542867	-0.5016989090101274	0.24498407188646165	0.2727957692102522	0.0	0.29583333333333334	0.2791666666666667	0.3958333333333333	0.0	1.0351401306432825e-07	FALSE
167	F12	220628_Cstr	1	0	0	0.081	0.081	0.082	0.03253333333333333		0.081	7.988120190218864e-06	0.0015981615872070196	0.0007320780676297739	0.01272470923626359	0.001037368597651897	0.012725716123126026	0.485145667854934	-0.47920340025464264	1.4287403278786093	0.14435465845981157	0.0	0.17916666666666667	0.15833333333333333	0.2375	0.0	5.6733381342106246e-08	TRUE
168	G1	220628_Cstr	1	0	0	0.075	0.075	0.243	0.06588333333333334		0.075	0.03590359030522651	0.2806107948353867	0.16517673812673023	1.1625812113649836	0.03710085059070256	0.16803405693730689	29.53328834402767	-5.7095322252436755	0.023470030579920708	0.09550735576933284	0.0	0.32916666666666666	0.10833333333333334	0.3958333333333333	0.0	5.395928070848761e-05	FALSE
169	G2	220628_Cstr	1	0	0	0.081	0.081	0.286	0.06394166666666667		0.081	0.029742896224313392	0.25688898772901325	0.11538706788001703	0.902192052350348	0.04592487275909127	0.26137719746679333	18.92629360435948	-4.095758837011688	0.036623503526347384	0.03857216074548298	0.0	0.2708333333333333	0.0625	0.30833333333333335	0.0	0.0003869169746719632	TRUE
170	G3	220628_Cstr	1	0	0	0.077	0.077	0.211	0.062087500000000004		0.077	0.030765464515823262	0.2595618661380136	0.13084947576635905	0.9983728581917876	0.05112328600634777	0.28057032639721446	9.394245720486689	-3.6061245441974497	0.0737842293233134	0.055703361631725096	0.0	0.2833333333333333	0.1	0.3375	0.0	5.544337901829537e-05	FALSE
171	G4	220628_Cstr	1	0	0	0.075	0.074	0.244	0.06627083333333333		0.075	0.035760626664817205	0.27916835460963146	0.16244974598527043	1.154234955560831	0.04331004734152849	0.20098422583131892	24.959315792180554	-5.274670851705029	0.027771080999628193	0.10215144861024023	0.0	0.31666666666666665	0.12083333333333333	0.3958333333333333	0.0	0.0002097036191483176	FALSE
172	G5	220628_Cstr	1	0	0	0.079	0.079	0.296	0.06690416666666665		0.079	0.03531878107679201	0.2750608862171263	0.13951886108102304	1.013086470541369	0.04669332294110598	0.24157478875366656	15.443073451438668	-4.435333771274693	0.04488401759789416	0.07039029047751853	0.0	0.15416666666666667	0.10416666666666667	0.18333333333333332	0.0	0.0003237306910589397	TRUE
173	G6	220628_Cstr	1	0	0	0.081	0.081	0.607	0.0854		0.081	0.05245160603085934	0.34220618130465696	0.4166863586980965	1.814545191515156	0.31604833233401053	1.0096542704932912	28.10511271732898	-25.880277323102156	0.024662672145504914	0.08195151549582314	0.0	0.15833333333333333	0.12916666666666668	0.18333333333333332	0.0	0.0010997897210212844	TRUE
174	G7	220628_Cstr	1	0	0	0.077	0.076	0.286	0.06874166666666666		0.077	0.03793459348752441	0.28209695565142445	0.176156947187484	1.1876655763763349	0.04201995684793086	0.18200847907954731	11.212170085401693	-3.695306554703659	0.06182096554728747	0.08784373847481927	0.0	0.32083333333333336	0.12916666666666668	0.3958333333333333	0.0	0.00020719830747027097	FALSE
175	G8	220628_Cstr	1	0	0	0.079	0.078	0.239	0.0642625		0.079	0.0326824541785294	0.25433821106603227	0.15021973640676778	1.0617967974340294	0.04819427915131881	0.23696029719332778	16.155147285761533	-3.9445911565272582	0.042905655287392895	0.09051094230150197	0.0	0.30833333333333335	0.11666666666666667	0.3958333333333333	0.0	0.0002057186826743375	FALSE
176	G9	220628_Cstr	1	0	0	0.084	0.084	0.282	0.0660625		0.084	0.03315798891389607	0.2536032650063021	0.1371262908371194	0.9569792436102549	0.06513158179055299	0.353514401291507	14.631893115798837	-5.299380244540208	0.047372351279105315	0.05852665867650658	0.0	0.14166666666666666	0.1	0.1625	0.0	0.00021410074416616245	TRUE
177	G10	220628_Cstr	1	0	0	0.075	0.075	0.075	0.030000000000000002		0.075	0.0	0.0	0.0	0.0	0.0	0.0	0.0	0.0	inf	inf	0.0	0.0	0.0	0.0	0.0	0.0	FALSE
178	G11	220628_Cstr	1	0	0	0.075	0.075	0.075	0.030000000000000002		0.075	0.0	0.0	0.0	0.0	0.0	0.0	0.0	0.0	inf	inf	0.0	0.0	0.0	0.0	0.0	0.0	FALSE
179	G12	220628_Cstr	1	0	0	0.076	0.075	0.076	0.0300375		0.076	-4.474805103481666e-05	-0.004794020301038548	0.00015844821161391243	-0.008390708376387723	0.0	0.0	0.031839978785823404	0.0315044220095901	21.76971238650968	0.6592787873084596	0.125	0.3958333333333333	0.37083333333333335	0.3958333333333333	0.0	7.038018012292978e-08	TRUE
180	H1	220628_Cstr	1	0	0	0.098	0.098	0.583	0.15787083333333335		0.098	0.11819820612560852	0.5090622091868516	0.4610422514403966	1.742593888930081	0.12002287922687926	0.24131649194692883	16.164738047904738	-3.29922345060657	0.042880198770050004	0.029620920432307532	0.0	0.2625	0.07083333333333333	0.31666666666666665	0.0	0.0003473619225129816	FALSE
181	H2	220628_Cstr	1	0	0	0.097	0.097	0.597	0.15526250000000003		0.097	0.11677160641178101	0.5024646989413633	0.451963366228458	1.7313749227897184	0.15073272463851128	0.32173786194049137	20.986468120915195	-5.3929812926739364	0.03302829120966534	0.04620296897126288	0.0	0.2833333333333333	0.07916666666666666	0.3958333333333333	0.0	0.00023768843422882944	FALSE
182	H3	220628_Cstr	1	0	0	0.097	0.097	0.586	0.14870833333333333		0.097	0.10990996372847102	0.4790969472684075	0.4483463503799915	1.7257863147660202	0.14103865243403407	0.2995673423090488	24.956603713849475	-5.179889595763881	0.027774098932191186	0.06319821872911331	0.0	0.2625	0.09166666666666666	0.3958333333333333	1.0	0.0003271390556846099	FALSE
183	H4	220628_Cstr	1	0	0	0.101	0.101	0.555	0.14677916666666666		0.101	0.1064255475859085	0.46811997976815245	0.42242686923901196	1.6447958542906265	0.12536808627473606	0.2739491580760989	15.822082430996728	-3.396621390691621	0.043808846501900055	0.04141771984548883	0.0	0.275	0.08333333333333333	0.32083333333333336	0.0	0.00011170571667193706	FALSE
184	H5	220628_Cstr	1	0	0	0.099	0.099	0.526	0.14725		0.099	0.10790827888831377	0.4768533984047047	0.42416565922886884	1.6635289262179571	0.11769304647603873	0.2552077710372773	16.612763342759504	-3.4595346642859663	0.04172377383935022	0.04166018635245313	0.0	0.275	0.07916666666666666	0.3125	0.0	3.7619373453479228e-06	FALSE
185	H6	220628_Cstr	1	0	0	0.099	0.099	0.543	0.14650416666666666		0.099	0.10726067238813977	0.47469227178798457	0.42399990461911563	1.6626171503771547	0.12145998066039143	0.2648328551488608	20.71428853310832	-3.413452340999991	0.03346227312862161	0.04905248152317125	0.0	0.275	0.07916666666666666	0.3125	0.0	4.2856492532772655e-05	FALSE
186	H7	220628_Cstr	1	0	0	0.092	0.092	0.552	0.1274708333333333		0.092	0.09081459342087164	0.4051987657819557	0.456273063797892	1.7842916702958478	0.09673631956813394	0.19426527614061317	20.829364566048937	-3.4524046809418825	0.03327740403995562	0.11793936716230125	0.0	0.31666666666666665	0.15416666666666667	0.3541666666666667	0.0	6.039691225038895e-06	FALSE
187	H8	220628_Cstr	1	0	0	0.096	0.096	0.542	0.14551666666666668		0.096	0.10720865300441106	0.4734857193811708	0.4383712822824915	1.715996057831668	0.1120416832066386	0.23550300411266845	17.485819548343642	-3.131296509328824	0.0396405314971699	0.05647892988565843	0.0	0.2708333333333333	0.09583333333333334	0.325	0.0	7.903844700812295e-05	FALSE
188	H9	220628_Cstr	1	0	0	0.094	0.094	0.542	0.13796666666666668		0.094	0.10016470113350279	0.4498989947235127	0.44294542550952337	1.7434226543945965	0.12164322896216717	0.2566496825379585	20.687026553203946	-3.3414773486953653	0.0335063707090661	0.08043738190238217	0.0	0.2875	0.1125	0.32916666666666666	0.0	2.178286289105576e-05	FALSE
189	H10	220628_Cstr	1	0	0	0.089	0.088	0.089	0.035500000000000004		0.089	-9.921003815936684e-05	-0.001120867904540579	4.007030416551538e-05	0.0004471948760566911	0.0010089692257764932	0.011396356766117857	0.06319079221231298	-0.14278730656651914	10.969116801559622	0.5691048101851092	0.0	0.23333333333333334	0.3958333333333333	0.30833333333333335	0.0	4.773808643963032e-08	TRUE
190	H11	220628_Cstr	1	0	0	0.091	0.091	0.092	0.036425		0.091	1.2374912052298393e-05	0.0001358989522234595	0.0001974612379584545	0.0021676011107212246	0.00019746550234839289	0.0021675996296386417	0.05185389792474754	-0.05163936672897518	13.367311008438909	0.10807844653419327	0.0	0.15833333333333333	0.13333333333333333	0.1875	0.0	4.456423352056933e-08	TRUE
191	H12	220628_Cstr	1	0	0	0.09	0.089	0.091	0.03590416666666667		0.09	-7.484038697375753e-05	-0.0010573430521319382	0.0007695725653933672	0.00797606914090475	0.0016312814790119673	0.018144984800154987	0.34915897762607684	-0.2674656718388803	1.985190772617779	0.0016620256980429057	0.0	0.03333333333333333	0.008333333333333333	0.2708333333333333	0.0	6.170047201866204e-08	TRUE
